motif	estimatedScale	MSE	optimizedScale	optimizedMSE	motifLength	numberOfKmers
RORA(MA0071.1)	0.4236821949655832	0.9330087356184653	0.40368219496558316	0.003365913361788798	10.0	180347
RORA(MA0072.1)	0.36695995179554686	0.31591452395657327	0.35695995179554685	0.007271612723553642	13.0	180347
RUNX1	0.40420299026368356	0.11054859325465603	0.40920299026368356	0.007920632197013645	11.0	180347
FOXF2	0.3780507619832793	0.05139638406983746	0.3830507619832793	0.003620137692013958	13.0	180347
FOXD1	0.46401508495771615	0.0013564266932342185	0.46401508495771615	0.0013564266932342185	8.0	180347
IRF2	0.31489642626227077	0.0011349293597669916	0.31489642626227077	0.0011349293597669916	18.0	180347
MAX::MYC	0.34519204865064845	0.19974620896317943	0.35519204865064846	0.015858825682878556	11.0	180347
PPARG::RXRA	0.3001694471301052	0.06385865021233755	0.3051694471301052	0.016511329433898745	17.0	180347
PPARG	0.3067547793023948	0.256986922941388	0.3117547793023948	0.01729409372157319	20.0	180347
PAX6	0.32892294955608825	0.052364276343142065	0.33392294955608826	0.008246664653088666	14.0	180347
PBX1	0.41518067960023924	0.025218657118502557	0.41018067960023924	0.010077917996548943	11.0	180347
RREB1	0.24156170500908225	1.1775927071415795	0.25156170500908226	0.020192033880457313	20.0	180347
RXRA::VDR	0.2940752407314139	0.023065109145447994	0.2940752407314139	0.023065109145447994	15.0	180347
SOX9	0.5033664561348955	0.807604885092543	0.5283664561348955	0.00023634135068767488	9.0	180347
SRY	0.49115843520607216	0.36705107108265467	0.5061584352060722	0.003818883749244679	8.0	180347
TAL1::TCF3	0.3765398904553568	0.08001018173319946	0.3815398904553568	0.00013152439284429233	11.0	180347
REL	0.4169738898817199	0.07901040586003191	0.4219738898817199	0.0021630413516198553	10.0	180347
RELA	0.3561288107477927	0.05509802342706994	0.3611288107477927	0.0015652645803664288	10.0	180347
NR1H2::RXRA	0.2969789745252974	0.2571357296822578	0.2919789745252974	0.0070116635937430005	17.0	180347
NFIC::TLX1	0.3241758873559015	0.40824265034034296	0.33417588735590154	0.001540944504354439	14.0	180347
NKX3-1	0.47052449532596397	0.0025742783211748273	0.47052449532596397	0.0025742783211748273	7.0	180347
ZNF354C	0.5067784548358434	0.9163367347045445	0.48177845483584336	0.00293126977644616	6.0	180347
CTCF(MA0139.1)	0.2718474036748128	2.311111740877527	0.2918474036748128	0.00020060159704403036	19.0	180347
EWSR1-FLI1	0.24407656494702085	2.124237038206425	0.25907656494702086	0.011683540222252266	18.0	180347
REST	0.2719049357490033	0.2611336414626064	0.2769049357490033	0.007359148790190102	21.0	180347
NFE2L2	0.3938492975743172	0.10580254087807095	0.3888492975743172	0.002339214795488151	11.0	180347
NFATC2	0.5058610789201912	0.0054656453097670305	0.5058610789201912	0.0054656453097670305	7.0	180347
INSM1	0.3464618668730402	0.054023496318432146	0.3514618668730402	0.004928021550884259	12.0	180347
RARA::RXRA	0.3023782627536348	0.7609919021177859	0.3123782627536348	0.022957207137499356	17.0	180347
PLAG1	0.2836512845651042	0.4728933725357103	0.2936512845651042	0.0032667771500659894	14.0	180347
ARNT::HIF1A	0.4283378288528982	0.190848381278427	0.4383378288528982	3.6110660356531126e-06	8.0	180347
DUX4	0.38778997532153997	0.010887425113818015	0.38778997532153997	0.010887425113818015	11.0	180347
FOS(MA0476.1)	0.38157252627605176	0.0019936416569749345	0.38157252627605176	0.0019936416569749345	10.0	180347
FOSL2	0.386213665562657	0.07789320451260844	0.381213665562657	5.7618383225909024e-05	10.0	180347
FOXH1	0.4285946735495328	0.3956945799566527	0.4135946735495328	0.014774805215331399	11.0	180347
JUN(MA0488.1)	0.3872038998570235	0.04700718254030831	0.3822038998570235	0.0032990830578622926	11.0	180347
JUN(MA0489.1)	0.3533384359360106	0.08920193980276568	0.3583384359360106	5.595912582878161e-06	14.0	180347
JUND(MA0492.1)	0.339927708245514	0.14671680338692397	0.344927708245514	0.004784328708017639	13.0	180347
MEF2C	0.34258988323670786	3.170221802508251	0.37758988323670784	0.006216770201676209	14.0	180347
MAF::NFE2	0.35803524932943553	0.05999643452501312	0.35303524932943553	0.004857832058588895	15.0	180347
NR2C2(MA0504.1)	0.3078401039704063	0.9918065414846281	0.3228401039704063	0.0004234283278980343	14.0	180347
NRF1	0.28322475354698995	1.8236868037365388	0.30322475354698997	0.00470885461638171	11.0	180347
STAT1::STAT2	0.32405577654849704	0.9923374706456706	0.33905577654849706	0.0036264621130482227	15.0	180347
TCF7L2	0.37110902894390563	0.905131438469084	0.39110902894390565	0.01756465227773592	13.0	180347
ZBTB33	0.2696924733720557	3.8782993136898747	0.29969247337205573	0.021069145110915805	15.0	180347
AR	0.3693482508484486	0.22477988974955293	0.3793482508484486	0.012539381468776305	15.0	180347
ELK4	0.3907969055243025	0.0010688394663709072	0.3907969055243025	0.0010688394663709072	11.0	180347
ESR2	0.32938066197192234	0.6498250089511266	0.34438066197192235	0.02174222924183297	15.0	180347
IRF1	0.2756703522482351	6.746562043754901	0.31067035224823514	0.03230851475424397	20.0	180347
STAT1	0.3586736881579256	0.5683336784406827	0.3736736881579256	0.007241763474808973	11.0	180347
STAT3	0.3801372356503978	0.7345901628580559	0.3951372356503978	0.014234998434390075	11.0	180347
GATA1::TAL1	0.38221428835366217	0.036825204416937166	0.3872142883536622	0.009818707606854278	17.0	180347
YY1	0.3967163202529822	0.009297802640351812	0.3967163202529822	0.009297802640351812	12.0	180347
FOXP2	0.39679615656536343	0.003466682914315838	0.39679615656536343	0.003466682914315838	11.0	180347
SREBF1(MA0595.1)	0.3747976831837417	0.0026615743857340887	0.3747976831837417	0.0026615743857340887	10.0	180347
SREBF2(MA0596.1)	0.4020934784097114	0.135917449796293	0.3970934784097114	0.010977048673982862	10.0	180347
KLF5	0.3539503567400483	0.7679065736454396	0.36895035674004834	0.002381277571845848	10.0	180347
DMRT3	0.4472257763124639	0.06901169982606768	0.4422257763124639	0.000900376378511286	10.0	180347
FOXG1	0.43571667148412146	0.010690516406150525	0.43571667148412146	0.010690516406150525	8.0	180347
LBX1	0.4095927312287295	0.03186173838478917	0.4145927312287295	0.002965289985469564	8.0	180347
POU6F1(MA0628.1)	0.3346570835940958	4.071219594622365	0.3746570835940958	1.912541729500984e-05	10.0	180347
SHOX	0.460314571239349	1.4753808799860106	0.49531457123934897	8.221254813754245e-05	7.0	180347
ALX3	0.4457251159672022	1.2690113087443655	0.47572511596720224	0.0024779720450078292	8.0	180347
BARHL2	0.4596183197484617	1.154818415569469	0.4896183197484617	0.005305167477099571	8.0	180347
BHLHE41	0.33843342961062944	0.02825662934825236	0.34343342961062945	0.021631721626527194	10.0	180347
CREB3	0.3529458186636535	0.016390870091209157	0.3529458186636535	0.016390870091209157	13.0	180347
DBP	0.3214812926159204	0.3375284080769016	0.3314812926159204	0.0012845027248368692	10.0	180347
ELF4	0.3738983855473825	0.016031613549983875	0.3738983855473825	0.016031613549983875	12.0	180347
ELF5	0.4408822384595613	0.00046837476709933997	0.4408822384595613	0.00046837476709933997	10.0	180347
EN1	0.430976560457454	0.365711668345529	0.44597656045745404	0.0004591572683593444	8.0	180347
ETV6	0.40720263021799524	0.06705206550817602	0.41220263021799525	0.00026410413151919395	10.0	180347
FLI1	0.411382396589916	0.10516780772405517	0.406382396589916	0.004832285035856868	10.0	180347
FOXI1	0.46868041163036156	0.06518446372423546	0.46368041163036156	0.003514124156996666	7.0	180347
FOXL1	0.4681318051764648	0.04384375617732371	0.4631318051764648	0.00015429744727710618	7.0	180347
FOXO3	0.44881516536628946	0.023079662507196147	0.44381516536628945	0.0033104859619454913	8.0	180347
GCM1	0.38477787061280067	0.04370856175580318	0.38977787061280067	0.004384775862280848	11.0	180347
GRHL1	0.34963546038983706	1.1931173245130262	0.3696354603898371	7.077826294181815e-05	11.0	180347
GSC	0.414491902452812	0.9895132681455693	0.439491902452812	0.01257708879263021	9.0	180347
HEY2	0.3512616943390393	1.966836511785624	0.37626169433903933	0.010079433875004628	10.0	180347
HINFP	0.3383808309197573	1.6423332986246157	0.3583808309197573	0.02018293369837998	11.0	180347
HNF1A(MA0046.2)	0.3086487629359107	4.117835526622435	0.34364876293591073	0.0023593368213509452	13.0	180347
HNF1B	0.3086227909433633	2.8053275295661084	0.33862279094336334	0.008072638843499022	13.0	180347
HSF1	0.3414015338685864	0.00035208082585405637	0.3414015338685864	0.00035208082585405637	13.0	180347
IRF8	0.32720502282997127	0.17031269664532347	0.32220502282997127	0.0032123724739636264	14.0	180347
IRF9	0.3028163839702393	0.08426583147291966	0.2978163839702393	0.007208157865860767	15.0	180347
ISX	0.4458053592032317	0.2633262860376305	0.46080535920323173	0.009420221568537775	8.0	180347
JDP2(MA0655.1)	0.39018512059355626	0.017990795694725333	0.38518512059355625	0.014498746835298506	9.0	180347
JDP2(MA0656.1)	0.31732825903708606	0.011622655517862715	0.31732825903708606	0.011622655517862715	12.0	180347
KLF13	0.2868793103372614	0.8094697843555912	0.2968793103372614	0.00620839442985831	18.0	180347
LHX6	0.3055206670870155	4.234743671542796	0.34052066708701545	0.0052162662723781675	10.0	180347
MEF2B	0.3416461612432197	0.7661823447016555	0.35664616124321974	0.0005872591692370502	12.0	180347
MEOX1	0.3690529471775722	1.619871472948518	0.3940529471775722	0.007020039158903285	9.0	180347
MIXL1	0.4049015711333978	2.1144481348977373	0.4399015711333978	0.00035361729773686443	10.0	180347
MLX	0.3704469917802094	0.07379062999834207	0.3654469917802094	5.8845752656169475e-05	10.0	180347
MLXIPL	0.39659452310208937	0.020828759592902334	0.4015945231020894	0.011363962002404807	10.0	180347
MSC	0.3767020332467924	0.19645877265242068	0.3867020332467924	0.004752050236354574	10.0	180347
MYF6	0.3679045977902537	0.9636469205002144	0.3879045977902537	0.0010941625447866235	10.0	180347
NEUROD2(MA0668.1)	0.37001533469955467	0.6842883015963973	0.3850153346995547	0.004416350516736881	10.0	180347
NEUROG2(MA0669.1)	0.3383066853664821	0.3851421780358289	0.3483066853664821	0.00044531478523640664	10.0	180347
NFIA	0.4176411220507996	0.05724747713125091	0.4126411220507996	0.00030062507502782754	10.0	180347
NFIX(MA0671.1)	0.44152446249956956	0.9086480121041539	0.4665244624995696	0.009480589026379336	9.0	180347
NHLH1	0.360606940949223	0.5769402846679291	0.37560694094922303	0.0009625065761598893	10.0	180347
NKX2-3	0.4442838686848251	0.04787059730194937	0.4392838686848251	6.361474308523933e-05	9.0	180347
NKX2-8	0.4284837853833338	0.11422258436899663	0.4384837853833338	0.01216593069313976	9.0	180347
NKX6-1	0.47409992393088385	0.2791630839918518	0.48909992393088386	0.0006383279075071091	7.0	180347
NKX6-2	0.4739728526285668	1.6304105130150632	0.5089728526285668	0.006727607811004779	7.0	180347
OLIG2(MA0678.1)	0.3823764182501315	0.4834524393164933	0.39737641825013154	0.0018244783140915113	10.0	180347
PAX4	0.4360031279022714	1.55530986615972	0.4660031279022714	0.008702809303074606	8.0	180347
PAX7	0.3252932372293192	1.3750408378464842	0.3452932372293192	2.55170504892346e-05	10.0	180347
POU4F2	0.32712159132343543	1.5311344184911797	0.34712159132343545	7.289031270443114e-07	16.0	180347
SPDEF	0.38984696942366726	0.039189092714742454	0.38484696942366725	0.0059844045817280846	11.0	180347
SPIC	0.3951987370656013	0.15675038511628533	0.40019873706560133	0.016683778888881312	13.0	180347
SRF	0.3060806628567248	0.3955422328151444	0.3160806628567248	0.015058024696357508	16.0	180347
TBXT	0.2706189001798717	3.2235925840307065	0.29561890017987175	0.0013991807070429419	16.0	180347
TBX2	0.40409426409310406	0.4788645915666716	0.4190942640931041	3.2954312440849e-05	11.0	180347
TBX20	0.4272020944941815	0.025399266493875996	0.4222020944941815	0.006449768043785656	11.0	180347
TFAP4(MA0691.1)	0.3728722825205777	0.25983879621287087	0.3828722825205777	4.198739305426957e-06	10.0	180347
TFEB	0.35224907916753456	0.5842826924029748	0.3672490791675346	0.0036199466142131827	10.0	180347
ZBTB7B	0.34580321387228685	0.3635588963094155	0.35580321387228686	0.001071334765719879	12.0	180347
ZBTB7C	0.37962705945283887	0.38782761846520764	0.3896270594528389	0.01083040862151922	11.0	180347
ZIC1	0.26975335892605656	1.8216891447436825	0.2897533589260566	0.007614846606570205	14.0	180347
ZIC3	0.2737359947424745	1.6847068713130748	0.2887359947424745	0.025483706397088555	15.0	180347
ZBTB18	0.40757608286070496	0.03973236956003736	0.40257608286070495	0.003221257160481461	11.0	180347
LBX2	0.420281595373229	0.6161799780593146	0.44028159537322903	0.0013571734446477018	8.0	180347
MEOX2	0.44199098902146977	2.6494384166835707	0.48699098902146976	0.0008660495130267918	8.0	180347
NKX3-2	0.4691991252412346	0.2922779253227151	0.45419912524123457	0.005806047427143582	8.0	180347
NOTO	0.43552936571119366	0.5373280437146611	0.4555293657111937	0.004881158074915369	8.0	180347
OTX1	0.4998630515801958	0.004333221244865715	0.4998630515801958	0.004333221244865715	7.0	180347
PDX1	0.44363594467453016	0.3007401086646119	0.45863594467453017	0.0036359918000905722	7.0	180347
PHOX2A	0.3472395101854533	5.37002507719018	0.3972395101854533	3.957470959943228e-05	11.0	180347
PITX3	0.45944805661914556	0.012462290402001227	0.46444805661914557	0.008930607049086303	8.0	180347
PROP1	0.3666543060261202	3.27642739664404	0.4016543060261202	0.012154272459771496	11.0	180347
PRRX1	0.44538214722601077	1.6409256599757747	0.4803821472260108	0.0007723615390086618	8.0	180347
RAX2	0.4635728575807942	0.4717621787659772	0.4835728575807942	0.0018363658606612907	7.0	180347
RAX	0.4387866734496834	1.9601207106781824	0.4737866734496834	0.0049039935522245245	9.0	180347
RHOXF1	0.462865590472376	0.020748807762215406	0.457865590472376	0.0038061074967531616	8.0	180347
UNCX	0.4569400999001146	0.6787491746210789	0.4819400999001146	0.006749460421393327	7.0	180347
VAX1	0.440984517682385	1.233300163759342	0.47098451768238503	6.998996242519877e-06	7.0	180347
VENTX	0.43320620312163927	0.21747781542279654	0.4432062031216393	0.0002254449101459068	9.0	180347
VSX1	0.41751892045952516	0.7271673036076935	0.4375189204595252	0.0008197155663491067	7.0	180347
VSX2	0.4140318590935316	0.5804327242039243	0.4340318590935316	0.009331939262457734	7.0	180347
ESR1	0.25934958230711885	0.7098982263647935	0.26934958230711886	2.0241654389160042e-05	17.0	180347
ESRRB	0.39273971038191097	0.6253363191352167	0.37773971038191095	0.0010108687348294053	11.0	180347
NR2F1(MA0017.2)	0.37770176761606594	0.048567872393756456	0.37270176761606594	0.003990435357318085	13.0	180347
NR3C1	0.27896419254755017	1.1188907057424786	0.2939641925475502	0.003642493504338977	16.0	180347
NR3C2	0.2926873096403464	1.0683873779469364	0.3076873096403464	0.003179902837972225	16.0	180347
RARA(MA0729.1)	0.28468142643371963	0.25137526887032446	0.2796814264337196	0.005467594178028833	18.0	180347
RARA(MA0730.1)	0.2887173424246313	0.0615162150017187	0.2937173424246313	0.021714830011397537	17.0	180347
BCL6B	0.2771495083314202	0.02652879818800354	0.2771495083314202	0.02652879818800354	17.0	180347
EGR2	0.3094414752779498	0.15542181076203948	0.3144414752779498	0.0030345442204569558	11.0	180347
EGR3	0.29401555123784984	1.3410547744813166	0.30901555123784985	0.016909303901145548	13.0	180347
EGR4	0.2705686074939806	2.1677481273462593	0.2905686074939806	0.001608945436790247	15.0	180347
GLIS1	0.2747193730504702	0.048312313954747124	0.2797193730504702	0.040462175755109714	16.0	180347
GLIS2	0.2777466262862412	2.203268116829834	0.2977466262862412	0.014371982100903291	14.0	180347
GLIS3	0.28392780879535195	0.644481781836523	0.29392780879535196	0.0032790639356664467	14.0	180347
HIC2	0.4717061131179835	0.07649351745169726	0.4767061131179835	0.005813977978239121	8.0	180347
KLF16	0.32383372982382935	1.8537256240529412	0.3488337298238294	0.012306371901187265	11.0	180347
SP8	0.34270280596968594	0.7840714629531201	0.35770280596968596	0.001001346862028919	12.0	180347
ZBED1	0.30319939747962577	0.07111975649383309	0.30819939747962577	0.010909286195296882	13.0	180347
ZIC4	0.2871617368261523	2.2856607190528906	0.30716173682615233	0.019478053224556178	15.0	180347
ZNF143	0.3191571984972622	0.09263319738037806	0.3141571984972622	0.00565045314277592	16.0	180347
ZNF410	0.31231352330565176	0.20831945650267628	0.30731352330565176	0.00463969632644433	17.0	180347
CUX2	0.38252348997280355	0.32501648481224793	0.39252348997280356	0.0026737614087311242	10.0	180347
ONECUT3	0.34252283490463103	1.1373687022846155	0.36252283490463105	0.015518440064847797	14.0	180347
E2F7	0.31742139888740195	0.00017920429674631226	0.31742139888740195	0.00017920429674631226	14.0	180347
ERF	0.3999934544793474	0.0045817390985887566	0.3999934544793474	0.0045817390985887566	10.0	180347
ERG	0.44167803695893293	0.258058269869766	0.4316780369589329	0.0033232716458883823	9.0	180347
ETS1	0.4233203922996522	0.035091646773328725	0.4183203922996522	0.0035587791120223053	10.0	180347
ETV2	0.3970903811815177	0.23086771899499053	0.3870903811815177	0.005400719716522436	11.0	180347
ETV3	0.43346741631230706	0.03532030769472646	0.42846741631230706	0.001579146048043384	10.0	180347
GCM2	0.41647111450291996	0.12023590985529777	0.42647111450291997	0.013265030404393526	9.0	180347
LEF1	0.3354328025884726	0.5081313914643582	0.3454328025884726	0.004910270788778726	15.0	180347
HSF2	0.34170551291965834	0.093929906861598	0.34670551291965834	7.466330854193251e-05	13.0	180347
HSF4	0.3547925909123622	0.18713424412449534	0.3597925909123622	0.02102841844575166	13.0	180347
IRF7	0.3321601312722013	0.7349871023963855	0.3471601312722013	0.003667726871798835	14.0	180347
MEF2D	0.34158284989155613	0.8546436674046503	0.35658284989155614	0.005502742477745433	12.0	180347
MEIS1(MA0498.2)	0.5069658336529194	0.07185636110132086	0.5019658336529194	0.006247844196401928	7.0	180347
MEIS2(MA0774.1)	0.45988838020534867	0.0431010413732368	0.45488838020534866	3.971460971449237e-05	8.0	180347
MEIS3	0.4407999824271361	0.001199825341677841	0.4407999824271361	0.001199825341677841	8.0	180347
MYBL1	0.3383112896897312	0.0012073652933886627	0.3383112896897312	0.0012073652933886627	12.0	180347
MYBL2	0.31417175602350017	0.23288540767762356	0.3191717560235002	0.01960611498899271	15.0	180347
NFKB1	0.25891919745225617	2.2345291846663153	0.2789191974522562	0.003325879910981641	13.0	180347
NFKB2	0.2624521639016195	5.354626328644146	0.29745216390161955	0.004149269665917814	13.0	180347
PAX1	0.2826964755912901	0.08511333031684333	0.2876964755912901	0.015733899611949084	17.0	180347
PAX3(MA0780.1)	0.3132084683804807	1.9544259878763022	0.33820846838048074	0.019133055919590948	10.0	180347
PAX9	0.2784931866945698	0.025728218205150512	0.2784931866945698	0.025728218205150512	17.0	180347
PKNOX2	0.3408931442211856	0.12861480604630038	0.3358931442211856	0.0007193590239770801	12.0	180347
POU2F1	0.41067627986945315	0.5579146044144845	0.42567627986945317	0.0014352001779744641	11.0	180347
POU3F1	0.39339573831922753	0.9716301130306904	0.41339573831922755	0.00036369262719223764	12.0	180347
POU3F2	0.3939494891198888	0.8744363395965034	0.4139494891198888	0.008132789988288938	12.0	180347
POU3F3	0.36891389576597383	1.4897544246781789	0.39391389576597385	0.017871002350420453	13.0	180347
POU3F4	0.4326372351196502	0.0008209035807354239	0.4326372351196502	0.0008209035807354239	9.0	180347
POU4F1	0.3397185935972599	3.791640070560726	0.3747185935972599	0.012067595195594112	14.0	180347
POU4F3	0.33474819158912894	3.8036275109885573	0.36974819158912897	0.007248139268614181	15.0	180347
POU5F1B	0.44489942129403853	0.17367381697125736	0.45489942129403854	0.00043090884674186334	9.0	180347
POU6F2	0.4138472766194322	0.828814774901745	0.43384727661943223	0.00018994000766258854	10.0	180347
PROX1	0.32027423877097266	0.11315414469828981	0.32527423877097267	4.959621199247645e-05	12.0	180347
RFX2	0.251854035077927	2.0539039167665596	0.271854035077927	0.023979223039740857	16.0	180347
SMAD3	0.3573801855952394	0.0035433347850638047	0.3573801855952394	0.0035433347850638047	10.0	180347
TGIF1	0.33694490858202464	0.6739192027718668	0.3219449085820246	0.025718662565810863	12.0	180347
TGIF2	0.31543387494881736	0.04203290811489147	0.31043387494881736	0.01719254561844285	12.0	180347
RFX5	0.24056742689454863	2.2311958018720714	0.25556742689454864	0.021850151133037708	16.0	180347
RUNX2	0.44862030521889573	0.02619822740202147	0.4436203052188957	0.0043415998677144045	9.0	180347
EOMES	0.3991371065145564	0.10774357798157552	0.4041371065145564	0.005331134608980116	12.0	180347
MGA	0.4436663130445473	0.017485281843051138	0.4486663130445473	0.006169810752570303	8.0	180347
TBR1	0.4221104090096418	0.041180473864348546	0.4271104090096418	0.0011416214361562981	10.0	180347
TBX15	0.4435598463115947	0.16033735421338943	0.43355984631159467	0.0012180331187952038	8.0	180347
TBX19	0.2511479976852504	4.3747913891314445	0.28114799768525045	0.029484036807000888	19.0	180347
TBX1	0.452675996945813	0.1443149298814094	0.442675996945813	0.003391625770620465	8.0	180347
TBX4	0.46019138307005725	0.07593802384003435	0.46519138307005725	0.00621733419845292	8.0	180347
TBX5	0.4746100390522268	0.29424035445875735	0.48961003905222683	0.0001391805914814286	8.0	180347
TEAD3	0.4965485701516346	0.1167776833875796	0.4865485701516346	0.004009183462232953	8.0	180347
TFAP2A(MA0810.1)	0.25870357928237875	9.812807722516517	0.31370357928237874	0.02403742379163527	12.0	180347
TFAP2B(MA0811.1)	0.25418741535645456	7.141687390791655	0.29918741535645454	0.0231611210290393	12.0	180347
TFAP2B(MA0812.1)	0.27947579531693423	4.693387052351579	0.31447579531693426	0.006879594176647773	11.0	180347
TFAP2B(MA0813.1)	0.25131786841144416	9.31093626330672	0.30131786841144415	0.002444519502328883	13.0	180347
TFAP2C(MA0524.2)	0.25101754410220123	6.073580983868732	0.28601754410220126	0.018655680111627295	12.0	180347
TFAP2C(MA0815.1)	0.241325833644606	12.387655673514047	0.296325833644606	0.0010596688237958756	13.0	180347
BHLHE40	0.3597766397095603	0.21539872216425013	0.3697766397095603	0.0071837277141292765	9.0	180347
BHLHE23	0.34368848208317354	0.4576014501452248	0.35368848208317355	0.01116261965822998	11.0	180347
FIGLA	0.4157417843473388	1.0320321485348707	0.44074178434733885	0.0029447554101489177	10.0	180347
HES7	0.2901927551510687	0.6592057392891977	0.3001927551510687	0.015703828167826103	12.0	180347
HEY1	0.3172029725317374	2.1355502269532263	0.3422029725317374	0.00011057036209962347	10.0	180347
MAX	0.34165502371123624	1.512556567885939	0.36665502371123626	0.015530632518771988	10.0	180347
MNT	0.3998541686488946	0.1388136652433043	0.4098541686488946	0.010058026559539125	9.0	180347
OLIG1	0.3583383672536939	0.4332218269974872	0.3683383672536939	0.010880125423098661	10.0	180347
OLIG3	0.36589527552384304	1.0054816174292875	0.38589527552384306	4.964977603812849e-05	10.0	180347
ATF7	0.33472666048492933	0.00571289691973293	0.33472666048492933	0.00571289691973293	11.0	180347
CEBPG(MA0838.1)	0.3658866485312129	0.03764502257584607	0.3708866485312129	0.007261512174127212	10.0	180347
CREB3L1	0.35461712864644307	0.000597526579417098	0.35461712864644307	0.000597526579417098	13.0	180347
NFE2	0.3284220905817601	0.19105664338333103	0.3334220905817601	0.011485101576008896	11.0	180347
TEF	0.3273287478464409	0.3738450963048553	0.3373287478464409	0.00014883198135321956	11.0	180347
XBP1	0.3581638330208163	0.01706473308042179	0.3581638330208163	0.01706473308042179	14.0	180347
FOXB1	0.3961768352909458	0.9783967953225569	0.4161768352909458	0.00029516493379919367	11.0	180347
FOXC1	0.40540449279670726	0.4015177618259482	0.4204044927967073	0.011293994955659381	11.0	180347
FOXC2	0.3812284833393097	0.5255425261878293	0.3962284833393097	0.0036971059045508106	12.0	180347
FOXO4	0.4692430147682012	0.008842939556934524	0.4692430147682012	0.008842939556934524	7.0	180347
FOXO6	0.48375324475769815	0.03242034683210478	0.47875324475769815	3.155895274762295e-05	7.0	180347
FOXP3	0.4272587625673355	0.2260582150587893	0.43725876256733553	0.006238093549572029	7.0	180347
RXRB(MA0855.1)	0.31354762472802955	0.041754163831589995	0.30854762472802955	0.02706146195546346	14.0	180347
RXRG(MA0856.1)	0.3130095964962758	0.005560806850977202	0.3130095964962758	0.005560806850977202	14.0	180347
TP63	0.26944580507853283	0.7552388178080303	0.27944580507853284	0.0012084489066020742	18.0	180347
TP53	0.25866922992551844	3.237103566823218	0.27866922992551846	0.030352024728478703	18.0	180347
TP73	0.27486542539853515	2.946661321619325	0.29986542539853517	0.020998771314383238	18.0	180347
GMEB2	0.41383860725963484	0.05467744106929615	0.41883860725963484	0.00011935116556721154	8.0	180347
MTF1	0.32925964502254546	0.09174632321786581	0.33425964502254546	0.0002904295995599687	14.0	180347
E2F1	0.28837068688594775	4.882903928307956	0.3233706868859477	0.008170874863187606	12.0	180347
SOX21	0.31881122905076315	0.010578980278235117	0.31881122905076315	0.010578980278235117	15.0	180347
TFAP2A(MA0872.1)	0.2369718256599705	13.429795198364525	0.2969718256599705	0.00731667244224657	13.0	180347
ELK1	0.4213589700668726	0.15223778168678068	0.4113589700668726	0.008062398904411907	9.0	180347
HOXD12	0.3763296297137595	0.0001237376637539541	0.3763296297137595	0.0001237376637539541	11.0	180347
BARX1	0.4385768982677362	1.4423687908125677	0.4685768982677362	0.00038648651202467566	8.0	180347
BSX	0.4565593298097239	0.32407380652186074	0.4715593298097239	0.0005326144931285739	7.0	180347
DLX6	0.4863481024815142	0.623548815177485	0.5063481024815142	0.004526625572511823	8.0	180347
EMX2	0.45682335756551107	0.08919501341619751	0.4668233575655111	0.008735222649222989	7.0	180347
EVX1	0.3810687380496283	1.1398259874291274	0.40606873804962834	0.007150765266315417	9.0	180347
EVX2	0.42418662843932914	0.30251076248561076	0.43918662843932915	0.005734504695823818	7.0	180347
GBX1	0.3960851106889521	0.31500283785486854	0.4060851106889521	0.007168732264608904	10.0	180347
GBX2	0.4226627807736737	0.2612585328115762	0.4326627807736737	0.0045384412294613066	9.0	180347
GSC2	0.45562486260598345	1.3453522052865963	0.4856248626059835	0.0003044635925585899	9.0	180347
GSX1	0.47346590464281135	0.2920762552678414	0.48846590464281137	0.0001918659070397841	7.0	180347
HESX1	0.3986920432342992	1.0868119012615733	0.4236920432342992	0.011716127479259115	10.0	180347
HMBOX1	0.4395926093359036	0.18249770842430094	0.4495926093359036	0.00028324328851241	10.0	180347
HOXA10	0.4339649857900271	2.045838901729219	0.4689649857900271	0.001717642939535915	9.0	180347
HOXB3	0.4696914799367134	0.28854068370757235	0.4846914799367134	0.0001966036482865788	7.0	180347
HOXC10	0.41205735610501953	0.5240047642328483	0.42705735610501955	0.0011011979318424887	9.0	180347
HOXC12	0.3833051687093331	0.08620145449041976	0.3883051687093331	0.0003561602730460707	11.0	180347
HOXC13	0.40184204843809257	0.11590311973638572	0.4068420484380926	0.010105480913428215	10.0	180347
HOXD11	0.4068080178336388	0.693408824046063	0.4268080178336388	0.009972707784220323	10.0	180347
ISL2	0.47463097306490065	0.08564581072997611	0.46963097306490065	0.008627303959193273	8.0	180347
FOXK1	0.44297177902316204	0.005073306871396215	0.44297177902316204	0.005073306871396215	9.0	180347
GATA2	0.49490935991756463	3.4300034009730016e-05	0.49490935991756463	3.4300034009730016e-05	7.0	180347
HIF1A	0.4209310076728541	0.002022199715798473	0.4209310076728541	0.002022199715798473	8.0	180347
MYC	0.367856759292545	0.3588059511394601	0.37785675929254503	0.01309418706893441	8.0	180347
MYB	0.4433085752459003	0.007568147771465478	0.4433085752459003	0.007568147771465478	7.0	180347
MYCN	0.3433072977988484	1.2625369180073909	0.3683072977988484	0.014302243075376687	8.0	180347
NEUROD1	0.42331998964735545	0.03950596943997403	0.41831998964735545	0.0009915674473909026	9.0	180347
NFIC(MA0161.2)	0.44870104344113876	0.33542614881905336	0.43370104344113874	0.005938725591760778	7.0	180347
NFYA	0.3843821681887793	0.0027836279646314965	0.3843821681887793	0.0027836279646314965	10.0	180347
NR1H4	0.4077906307241739	0.21373101604153932	0.39779063072417387	0.004527885711509807	10.0	180347
NR2F2	0.43579571013291757	0.11887231257461683	0.43079571013291756	0.01274112935480693	8.0	180347
PAX5	0.3497084786560112	0.42660761054196056	0.3597084786560112	0.012210297536229882	10.0	180347
PBX3	0.3813324671276629	0.2525480857593602	0.3713324671276629	0.004384833506002905	11.0	180347
POU5F1	0.42688726568974705	0.11519258639929651	0.43188726568974706	0.01264670771111408	10.0	180347
RBPJ	0.4916427210270405	0.6239956965746344	0.47164272102704047	2.025598953794537e-05	7.0	180347
RELB	0.40369929720220216	3.613071816700956e-09	0.40369929720220216	3.613071816700956e-09	9.0	180347
SIX1	0.41531405989890363	0.019849407540393736	0.4103140598989036	0.013949003362919803	11.0	180347
SIX2	0.36685277345712725	0.044800147662515756	0.36185277345712724	0.009093493884117322	14.0	180347
SOX10	0.49647731123002925	0.5393339269788863	0.47647731123002923	8.630403823606031e-08	7.0	180347
SOX13	0.4630322335692454	0.21859898907849531	0.4530322335692454	0.004907369327836925	7.0	180347
TEAD2	0.42974861349419496	0.3436459708427363	0.41974861349419496	0.010356627773690992	9.0	180347
TFDP1	0.37554563100598637	0.2996118713689028	0.3855456310059864	0.0030095324401556165	8.0	180347
ZBTB7A	0.39016958630119347	0.16004042069024355	0.4001695863011935	0.01551243459464632	10.0	180347
ZEB1	0.4455847370372152	0.15032100002912904	0.4355847370372152	0.002171651719744379	7.0	180347
ZNF24	0.31322599102365173	0.12425183077434072	0.31822599102365173	1.2180303038170824e-05	13.0	180347
ZNF384	0.30686489736151296	10.929778967252012	0.38186489736151297	0.0006709153633649822	10.0	180347
ZNF282	0.325337679860038	0.00038753124965571113	0.325337679860038	0.00038753124965571113	16.0	180347
ZSCAN4	0.3422849930806936	0.16633424319167017	0.3372849930806936	0.0044200857653744026	15.0	180347
GATA3	0.4734343091564368	0.22117018984086328	0.4634343091564368	0.003198669740397965	8.0	180347
FOS::JUN(MA0099.3)	0.40379928403339543	0.019631986879941925	0.40879928403339544	0.012946101092501916	10.0	180347
FOS::JUN(MA1126.1)	0.32373344613746663	0.10382870224775208	0.32873344613746663	0.0008702460107542757	15.0	180347
FOSB::JUN	0.3522293965170607	0.001134003473694284	0.3522293965170607	0.001134003473694284	11.0	180347
FOSL1::JUN(MA1128.1)	0.4110495354158371	9.6978148541506e-06	0.4110495354158371	9.6978148541506e-06	9.0	180347
FOSL1::JUN(MA1129.1)	0.3127441906891433	0.2291077593887118	0.3177441906891433	0.024770078710473174	10.0	180347
FOSL2::JUN(MA1130.1)	0.41861163821892317	0.000539533208507826	0.41861163821892317	0.000539533208507826	9.0	180347
FOSL2::JUN(MA1131.1)	0.35208212617618256	0.003532477554910397	0.35208212617618256	0.003532477554910397	11.0	180347
JUN::JUNB(MA1132.1)	0.4127099237136147	0.060139885230305536	0.4077099237136147	5.371473754518125e-06	10.0	180347
JUN::JUNB(MA1133.1)	0.34404678288512364	0.032294481090992	0.33904678288512363	0.018489593075595064	11.0	180347
FOS::JUNB	0.3946898029854828	0.0009458604934277524	0.3946898029854828	0.0009458604934277524	9.0	180347
FOSB::JUNB(MA1135.1)	0.3801882694011968	0.03513114216328767	0.3851882694011968	0.0048048802345667455	10.0	180347
FOSB::JUNB(MA1136.1)	0.3350252045693895	0.0558777345060262	0.3400252045693895	0.006015562158077888	10.0	180347
FOSL1::JUNB	0.4030153616523782	0.012800331092840827	0.4030153616523782	0.012800331092840827	9.0	180347
FOSL2::JUNB(MA1138.1)	0.3867190100342152	0.11345128453505092	0.3917190100342152	0.005897096943708234	10.0	180347
FOSL2::JUNB(MA1139.1)	0.32153877346139176	0.025155392149619656	0.32653877346139176	0.02181724878101962	10.0	180347
FOS::JUND	0.40105158831469767	0.03843122721232408	0.4060515883146977	0.0027288559672531956	9.0	180347
FOSL1::JUND(MA1142.1)	0.4171713431153983	0.009209791103038984	0.4171713431153983	0.009209791103038984	9.0	180347
FOSL1::JUND(MA1143.1)	0.385969582235262	0.07358993228145196	0.380969582235262	1.9809023074455473e-07	10.0	180347
FOSL2::JUND(MA1144.1)	0.39451575153037427	0.02478266883287765	0.3995157515303743	0.008559640442071303	10.0	180347
FOSL2::JUND(MA1145.1)	0.34295923115440374	0.05374763341506767	0.34795923115440375	0.0074261762230368135	12.0	180347
NR1H4::RXRA	0.27484651016745293	0.8867826586161559	0.28484651016745294	0.0348444964897193	15.0	180347
NR4A2::RXRA	0.29081229257733004	0.560507009085688	0.30081229257733005	0.0017683652542151802	14.0	180347
PPARA::RXRA	0.28702639081647024	0.2544218823230733	0.29202639081647025	0.012371914224164723	17.0	180347
RARA::RXRG	0.29249310716862187	0.6332356501865033	0.3024931071686219	0.0003097499612977259	18.0	180347
RORB	0.3912434395446305	0.12396723991745577	0.3862434395446305	0.006228090972214818	10.0	180347
RORC	0.38933062704380156	0.00479863574677879	0.38933062704380156	0.00479863574677879	11.0	180347
SOX15	0.4668655273603172	0.2541977441174554	0.48186552736031724	0.007959477795408638	9.0	180347
VDR	0.42923295249275284	0.0037905788877687662	0.42923295249275284	0.0037905788877687662	8.0	180347
IRF3	0.27858377329189465	0.8375518828014743	0.28858377329189466	0.0037566501749132946	20.0	180347
IRF4	0.31621006909330185	0.0047710108477473055	0.31621006909330185	0.0047710108477473055	15.0	180347
IRF5	0.3044187962064296	0.5642713439451668	0.3144187962064296	0.004158477798927243	14.0	180347
TCF7L1	0.3699737534223346	0.04803358830799191	0.3749737534223346	0.004112324738983001	12.0	180347
ARGFX	0.3563442863550064	3.740366317464219	0.3963442863550064	0.002004747481931155	10.0	180347
ARNT2	0.361839820807594	0.42317846783819313	0.37183982080759403	0.016985548026284963	9.0	180347
ATF6	0.3356397662073604	0.01758258142592634	0.3356397662073604	0.01758258142592634	13.0	180347
ATOH1(MA1467.1)	0.3856472551094352	0.0018218671617621085	0.3856472551094352	0.0018218671617621085	10.0	180347
ATOH7	0.3944557996507755	0.19552472918519326	0.4044557996507755	0.0035915395391102854	10.0	180347
BACH2(MA1101.2)	0.2944414833764806	0.43608197645270663	0.3044414833764806	0.008931573344805026	17.0	180347
BACH2(MA1470.1)	0.2895931611320888	0.11525230390136557	0.29459316113208883	0.004753835851747175	20.0	180347
BARX2	0.4019058956860875	0.9935944092759617	0.4219058956860875	0.005510385625851168	10.0	180347
BHLHA15(MA1472.1)	0.4484234259724622	0.3278962438521023	0.4634234259724622	0.0036140832268895117	9.0	180347
CDX4	0.40357720799493074	0.05293835354888594	0.39857720799493074	0.0005807263814193395	11.0	180347
CREB3L4(MA1474.1)	0.3150080917264227	0.37562702372127516	0.3250080917264227	0.0011502074344420302	11.0	180347
CREB3L4(MA1475.1)	0.27964276854538234	1.1331703204335026	0.29464276854538235	0.00037408516188031587	12.0	180347
DLX5	0.45240849739051653	0.24217374195209698	0.46740849739051654	0.0091017594859733	7.0	180347
DMRTA2	0.4141455090148227	0.544134372448479	0.42914550901482273	0.0003841649778076686	12.0	180347
DMRTC2	0.4348786550984881	0.2039897243271569	0.4448786550984881	0.00044391632550361585	12.0	180347
DPRX	0.42297820778300294	0.710481125380427	0.44297820778300295	5.0891220680978595e-05	9.0	180347
DRGX	0.41592754162822143	1.3859594183089576	0.44592754162822146	3.345658554281104e-05	7.0	180347
ETS2	0.41424877983293196	0.18838101862683743	0.40424877983293195	0.004344860232916518	9.0	180347
FERD3L	0.29517427401561847	0.4726906062201696	0.3051742740156185	0.0008835228733271168	14.0	180347
FOXN3	0.39311448745544725	12.676573991821032	0.46311448745544725	0.011286076173275076	8.0	180347
HES6	0.3701207682526997	0.037363563005635786	0.3751207682526997	0.005325391451941341	10.0	180347
HNF4A(MA1494.1)	0.32838049080859766	0.0685361657423263	0.32338049080859765	0.00910691871401155	14.0	180347
HOXA1	0.3817640910839413	0.6502293789401258	0.40176409108394134	0.0036948877512625374	7.0	180347
HOXA4	0.4394148608987976	0.19202200674170883	0.4494148608987976	0.00114112553707019	7.0	180347
HOXA6	0.5085286158108956	0.4729759175162305	0.5285286158108956	4.4653600135301054e-05	7.0	180347
HOXB4	0.41429605814021475	0.14080785562006526	0.42429605814021476	0.008921841493684904	8.0	180347
HOXB6	0.4590160199659583	0.6898862634745627	0.48401601996595833	0.0062359208199389456	7.0	180347
HOXB7	0.4248405154390681	0.006730459420553168	0.4248405154390681	0.006730459420553168	10.0	180347
HOXB8	0.47825674435369425	0.5779488120772414	0.45825674435369423	0.0009914200868551598	7.0	180347
HOXB9	0.41251574517769746	0.10125483619260658	0.40751574517769745	0.004624236654709152	9.0	180347
HOXC4	0.4342086985677197	0.0001608652029261908	0.4342086985677197	0.0001608652029261908	8.0	180347
HOXC8	0.42277419088889223	0.7366001824133193	0.44277419088889225	0.004233393379073099	7.0	180347
HOXD10	0.4001038765052705	0.03770163822308844	0.3951038765052705	0.004774827334480654	10.0	180347
HOXD4	0.44261795626106837	0.07923437764972541	0.4476179562610684	0.0049645450164443345	7.0	180347
IKZF1	0.4109353647749819	0.17546862763030607	0.4009353647749819	0.006116206458204777	9.0	180347
IRF6	0.4180638705477267	0.2810607932889397	0.4080638705477267	0.0008767719276537007	9.0	180347
KLF11	0.3423276477688584	0.6541637072764738	0.3573276477688584	0.0024627634934501156	11.0	180347
KLF15	0.2564115508145501	13.85248254856195	0.3214115508145501	0.0021816900924245468	11.0	180347
KLF17	0.2979663118129061	3.377621651159275	0.32296631181290614	0.027901376267772244	15.0	180347
KLF2	0.34660149335222024	2.6687862080819387	0.38160149335222027	0.004801626711362965	10.0	180347
KLF3	0.31621015649459366	1.0063155568273034	0.3312101564945937	0.007895579425389456	11.0	180347
KLF6	0.36023350377225744	0.8558804386450255	0.38023350377225745	0.017906569294152023	10.0	180347
LHX1	0.49444047803903424	1.2644144147700536	0.5294404780390343	0.003356069617176702	8.0	180347
LHX5	0.4244280814421438	0.34174694539600975	0.4394280814421438	0.0015997705034619775	7.0	180347
MAF	0.30023337353493057	0.5253729946361356	0.3102333735349306	0.0009579996588723221	13.0	180347
MAFA	0.2929883486126753	0.25034210455753525	0.2979883486126753	0.01897698009943719	13.0	180347
MAZ	0.32204756352176267	2.6515955181825617	0.3520475635217627	0.0007715039235459088	10.0	180347
MSANTD3	0.44251002545741014	0.09122105789108308	0.44751002545741014	0.006370699075075795	10.0	180347
MSGN1	0.35454992791673845	1.4021860902888124	0.37954992791673847	0.016632189062671374	10.0	180347
NFIC(MA1527.1)	0.3037509566018708	1.2013083288491595	0.3187509566018708	0.0001717592153733917	15.0	180347
NFIX(MA1528.1)	0.28818713510457805	3.0866686838890676	0.3131871351045781	0.00031559687446300707	15.0	180347
NHLH2	0.27971925790335705	2.8082929466891997	0.2997192579033571	0.028452680345563967	18.0	180347
NKX6-3	0.3787932718040513	1.2640603814227938	0.40379327180405133	0.008350030890434878	9.0	180347
NR1D1	0.3111855968334818	0.05272444772895793	0.3161855968334818	0.014007854095626162	14.0	180347
NR1I2	0.3007978000172691	1.4271469085092765	0.3207978000172691	0.024356712641317297	17.0	180347
NR1I3	0.4174561933622545	0.37845245413274065	0.4324561933622545	0.002189171941667275	9.0	180347
NR2C1	0.47100518459890267	0.055219395104821566	0.46600518459890267	0.0013892635713141828	7.0	180347
NR2C2(MA1536.1)	0.45738748062974416	0.013141321418491388	0.46238748062974416	0.008277159470622197	8.0	180347
NR2F1(MA1537.1)	0.2963585837177736	0.2251301968020684	0.30135858371777363	0.01374258731090112	14.0	180347
NR2F1(MA1538.1)	0.27926263578146027	1.1146145302772548	0.2942626357814603	0.01109141402661963	15.0	180347
NR2F6(MA1539.1)	0.2554544198295491	1.4839776866201624	0.2704544198295491	0.0012449628681824906	15.0	180347
NR5A1	0.4370974770158746	0.17454770607940742	0.4470974770158746	0.00022610346016538977	9.0	180347
NR6A1	0.32898057988489693	0.015346162975480204	0.32898057988489693	0.015346162975480204	15.0	180347
OSR1	0.40665886540129886	0.0015431674737341999	0.40665886540129886	0.0015431674737341999	9.0	180347
OVOL1	0.39654396071139814	0.11701646473461877	0.39154396071139813	0.0025067550294487866	12.0	180347
OVOL2	0.3915231290031756	0.2421687992320712	0.3815231290031756	0.007687451360612558	12.0	180347
PAX3(MA1546.1)	0.32682467027424567	0.07995175827881744	0.33182467027424567	0.0024735886255354824	15.0	180347
PLAGL2	0.2744540622632144	7.648928379061792	0.3244540622632144	0.002264913853498185	8.0	180347
POU6F1(MA1549.1)	0.45284408629800627	0.26402671419047613	0.4678440862980063	0.005152258128722008	8.0	180347
PPARD	0.3113456639301405	0.0349952836071691	0.3163456639301405	0.03377855842898952	14.0	180347
RARB(MA1552.1)	0.30544964360522	0.20426346973889703	0.31044964360522	0.0072998589613616945	14.0	180347
RARG(MA1553.1)	0.3079621783731668	0.21665759042030722	0.3129621783731668	0.0146048725055541	14.0	180347
RFX7	0.38201101837782586	0.61950636342992	0.3970110183778259	0.003562771032941814	9.0	180347
RXRB(MA1555.1)	0.2695726313529746	0.3817790682489286	0.2795726313529746	0.022388848554924977	14.0	180347
RXRG(MA1556.1)	0.30658762273614626	0.473150579411857	0.31658762273614627	1.002714806817827e-05	14.0	180347
SMAD5	0.3482556784532835	0.04729729311556548	0.3532556784532835	0.004760917641405695	10.0	180347
SNAI1	0.46364357972676923	0.04287852007389139	0.4586435797267692	3.5547621496871666e-06	8.0	180347
SNAI3	0.3981089841389516	0.0051405793547523995	0.3981089841389516	0.0051405793547523995	10.0	180347
SOHLH2	0.36433207053115535	0.25479314588573887	0.37433207053115536	5.423082224154218e-05	8.0	180347
SOX12	0.43704265656928726	0.06872712731531253	0.43204265656928725	0.0005218888643128084	10.0	180347
SOX14	0.44718572231958753	0.0766339197131678	0.45218572231958754	0.0028085387941091736	10.0	180347
SP9	0.3215590537387924	2.750856229777491	0.35155905373879237	0.008276804090768928	12.0	180347
TBX18	0.36410022710021267	0.40386250700665177	0.3741002271002127	0.005365440605741175	12.0	180347
TBX6	0.4636776203058312	0.2941670040431329	0.4786776203058312	0.0031224794949996112	8.0	180347
TCF21(MA1568.1)	0.32525352752021675	0.662155188472088	0.34025352752021676	0.013234203642205145	12.0	180347
TFAP2E	0.26683424758487473	9.983009786109315	0.3168342475848747	6.156722265480853e-07	11.0	180347
TFAP4(MA1570.1)	0.38678663088587306	0.47414243416928337	0.4017866308858731	0.0032241367401896317	10.0	180347
TGIF2LX	0.2970429861074448	0.1164385836259081	0.3020429861074448	4.7083488199145724e-05	12.0	180347
TGIF2LY	0.299869564143459	0.10308007893822381	0.304869564143459	0.0008812022723846786	12.0	180347
THAP11	0.29787607443474545	0.006665125823822789	0.29787607443474545	0.006665125823822789	18.0	180347
THRB(MA1574.1)	0.3098891317519355	0.2950901353424458	0.3198891317519355	0.023978287168267932	14.0	180347
THRB(MA1575.1)	0.25266567303842363	5.732890644639641	0.2876656730384236	0.009319989554004189	17.0	180347
THRB(MA1576.1)	0.2841893700883921	0.3375711915950384	0.28918937008839213	0.026561745228140976	19.0	180347
TLX2	0.4269622880943522	2.0730622492281525	0.4669622880943522	0.008217817679472867	7.0	180347
VEZF1	0.3081464157889676	3.1157553824218005	0.34314641578896765	0.005660666987612498	8.0	180347
ZBTB26	0.4235481229082606	0.0344524624054313	0.4285481229082606	0.0008105586201728397	8.0	180347
ZBTB32	0.41644033616239123	0.03923631391832117	0.41144033616239123	0.003365877353505627	10.0	180347
ZBTB6	0.39385448362190945	0.003451443197657319	0.39385448362190945	0.003451443197657319	9.0	180347
ZFP57	0.38523612117224687	0.32233065763904	0.3952361211722469	0.008742674381138744	8.0	180347
ZIC5	0.25748000871765153	2.297152519379245	0.27748000871765155	0.0019119264935290414	15.0	180347
ZKSCAN1	0.4212529214375158	0.5412850509888006	0.4062529214375158	0.0010344175464450133	10.0	180347
ZNF135	0.2952921634978809	0.8923864451521684	0.3102921634978809	0.019417959214898844	14.0	180347
ZNF136	0.3252154185204582	0.005322354405188957	0.3252154185204582	0.005322354405188957	15.0	180347
ZNF140	0.2757639325705612	0.284018590113897	0.2807639325705612	0.010139705492325549	21.0	180347
ZNF274	0.34013266639044704	0.0823439706346325	0.34513266639044704	0.0004898907727119084	14.0	180347
ZNF317	0.3992800148628921	0.18632780025903808	0.3892800148628921	0.016139699912444457	12.0	180347
ZNF382	0.24175178614035364	1.2370610246760056	0.25175178614035365	0.020332353363153526	24.0	180347
ZNF460	0.2523901893654637	3.8036933778581035	0.2773901893654637	0.003759222837625029	16.0	180347
ZNF528	0.28068947165153746	0.7286126967194525	0.29068947165153747	0.006279515825782606	17.0	180347
ZNF682	0.31418961777038706	0.752709203573667	0.3291896177703871	0.009303750761921664	12.0	180347
ZNF684	0.29323221338715894	0.6980695769907159	0.30323221338715894	0.0030725967046802867	18.0	180347
ZSCAN29	0.34415728048695504	0.019063609409744702	0.34415728048695504	0.019063609409744702	11.0	180347
ASCL1(MA1100.2)	0.42153358258447	0.573395551313337	0.43653358258447	0.011868140134076624	8.0	180347
ATF3(MA0605.2)	0.33923150430469917	9.371266676636909e-05	0.33923150430469917	9.371266676636909e-05	10.0	180347
BATF::JUN	0.39571619377909145	0.0021789252376318608	0.39571619377909145	0.0021789252376318608	9.0	180347
BCL6	0.34450861072168326	0.14542674741459996	0.34950861072168327	0.004685673752920517	14.0	180347
E2F2	0.26907042451797614	8.037444786911436	0.3140704245179761	0.022946929913841337	15.0	180347
E2F3	0.25738071300712484	3.865712035171795	0.28238071300712486	0.007605161211956652	16.0	180347
E2F4	0.27371670561835	4.2444717484464825	0.30371670561834996	7.704098691503737e-05	14.0	180347
EMX1	0.41547392284223505	0.392615108449043	0.43047392284223507	0.0023318187004834844	8.0	180347
GATA5	0.444919244979704	0.11016353200436793	0.43991924497970397	0.0110134817778898	9.0	180347
GFI1	0.4069521242638781	0.26117672880285436	0.3969521242638781	0.0007459246540700737	12.0	180347
GLI2	0.3041923758212332	0.5556117217334712	0.3141923758212332	0.0007531021374780174	15.0	180347
GSX2	0.41769301718198754	0.4048124519981931	0.43269301718198755	6.442729611649043e-05	8.0	180347
HES1	0.3292251013631976	1.960788299586038	0.3542251013631976	1.6268948170211968e-09	10.0	180347
HES2	0.31029794640166125	2.6916334409260685	0.3402979464016612	0.005768875647556634	10.0	180347
HOXA13	0.3923991259625436	0.004106912397897451	0.3923991259625436	0.004106912397897451	11.0	180347
HOXA2	0.41589656391455604	0.7257104439683502	0.43589656391455606	6.0278310141361866e-05	8.0	180347
HOXA5	0.42551052687811225	0.39938360638457365	0.44051052687811226	0.0026162748244395115	8.0	180347
HOXA9	0.4182748911673101	0.0727455135357942	0.4232748911673101	0.002042576950558246	8.0	180347
HOXB2	0.4322402151394227	0.858968650495257	0.4522402151394227	9.91713999750304e-05	8.0	180347
HOXB5	0.3819966621388215	0.402916839235022	0.3969966621388215	0.005788856181825345	8.0	180347
HOXC9	0.39885058955940356	0.02434194122739799	0.39385058955940355	0.010405114265151127	9.0	180347
HOXD13	0.3797157407460529	0.10497677523889674	0.3747157407460529	0.0014960138702696743	11.0	180347
HOXD3	0.4112423508236336	0.20002150865965337	0.4212423508236336	0.0003677553385215964	8.0	180347
HOXD8	0.46175262985921967	0.10644243737862794	0.45175262985921966	0.010320153589117056	8.0	180347
HOXD9	0.4117814827508186	0.6196284653529229	0.4317814827508186	0.007979937006551788	9.0	180347
JUNB(MA1140.2)	0.33209353198485114	0.04958847109390726	0.33709353198485115	0.011615040394469945	12.0	180347
LHX9	0.38741230811420785	0.8923377630617829	0.40741230811420787	0.0013197336072786293	8.0	180347
LMX1A	0.3597933643418256	2.2974003500356526	0.38979336434182554	0.0031057487685067116	8.0	180347
LMX1B	0.31885080135641825	7.400120715340159	0.36885080135641823	0.014349575715931201	11.0	180347
NEUROG1	0.31367282520854906	1.4209742869914825	0.3336728252085491	0.0010544543759060312	10.0	180347
NRL	0.38694603867093785	0.11367659785697111	0.38194603867093785	0.0023236153974544923	13.0	180347
PITX1	0.44821171672851273	0.2405769677463389	0.4382117167285127	0.0026152191465659445	8.0	180347
PRRX2	0.4060425872849849	1.2247657986851983	0.4360425872849849	0.010260746112012236	7.0	180347
SOX4	0.4433809549558796	1.2231023741810041e-07	0.4433809549558796	1.2231023741810041e-07	10.0	180347
SOX8	0.4923733491179594	0.2594583361899063	0.5073733491179594	0.003078717871746077	9.0	180347
SP3	0.33728609442054874	0.8133818691970206	0.35228609442054876	1.4764119754254476e-05	12.0	180347
TCFL5	0.30715828801014894	1.4246906198729028	0.32715828801014896	9.242209390856782e-05	10.0	180347
TFEC	0.3687732278702326	0.03924317338445306	0.3637732278702326	0.005804193374907344	9.0	180347
ZNF740	0.2645608735581312	5.121980825936867	0.2995608735581312	0.019259278419778685	13.0	180347
DMRTA1	0.4274179184052105	0.041218585089833025	0.4324179184052105	0.001657518039922664	12.0	180347
ETV7	0.4088685281057192	0.25900501016929617	0.41886852810571923	0.0002126633386564334	11.0	180347
ZIM3	0.3688804389114302	0.00658793918032175	0.3688804389114302	0.00658793918032175	15.0	180347
ZNF257	0.36503789209796766	0.18599870357067816	0.3750378920979677	0.009669953465464237	10.0	180347
ZNF343	0.3091822077400092	0.24257834100960038	0.3141822077400092	0.019993003585768828	16.0	180347
ZNF454	0.2364184207845065	7.1179255579136695	0.2714184207845065	0.006004524044264285	18.0	180347
ZNF610	0.2617263357119603	9.606798884404485	0.3117263357119603	0.0012611670572310685	14.0	180347
ZNF675	0.28938406165917513	1.9491291892696705	0.30938406165917515	0.007829600188358286	21.0	180347
ZNF707	0.28322983292221693	0.023048990332223268	0.28322983292221693	0.023048990332223268	15.0	180347
ZNF76	0.3091532099034224	0.7066585042762419	0.3191532099034224	0.02421576537233732	19.0	180347
ZNF784	0.38809933760465687	0.18666594633020905	0.37809933760465686	0.012177001827962003	10.0	180347
ZNF8	0.27975896320875504	0.658736633455452	0.28975896320875505	0.0021009372299079505	20.0	180347
ZNF816	0.3047955148134633	0.868530853079716	0.3197955148134633	0.027902429650331784	17.0	180347
ZNF85	0.38293119701425254	0.006893233346896111	0.38293119701425254	0.006893233346896111	13.0	180347
ZNF93	0.22241441955502608	6.504080223746568	0.2524144195550261	0.00013292983811447835	16.0	180347
ZSCAN31	0.29094860379865717	0.10729032834137817	0.28594860379865716	0.008518678860043682	19.0	180347
PRDM9	0.245249916045752	5.288422071821598	0.270249916045752	0.03288509141039132	24.0	180347
ASCL1(MA1631.1)	0.37774182321581257	0.45491208494707436	0.3927418232158126	0.0075554117673083225	9.0	180347
ATF2	0.37490909307341325	0.11657515817554867	0.36990909307341324	0.0036418901971902416	10.0	180347
BATF	0.39733770749427033	0.006816770107383607	0.39733770749427033	0.006816770107383607	9.0	180347
BHLHE22(MA1635.1)	0.36914911987109056	0.4886152742980462	0.38414911987109057	0.001188501116075913	8.0	180347
CEBPG(MA1636.1)	0.3932868395602535	0.017466707086999093	0.3882868395602535	0.017055298110087064	11.0	180347
EBF3	0.3108274298953748	2.4963603824233203	0.34082742989537484	0.019443926694037512	10.0	180347
HAND2	0.467595496934184	0.33284851810016436	0.452595496934184	0.0009913049535550426	7.0	180347
MEIS1(MA1639.1)	0.4202275272147077	0.0025231442853485943	0.4202275272147077	0.0025231442853485943	9.0	180347
MEIS2(MA1640.1)	0.386126102014408	0.32116536212338465	0.396126102014408	0.0016673306296552828	11.0	180347
MYF5	0.39529879748187	0.2621678288162983	0.40529879748187003	0.003130844541264523	8.0	180347
NEUROG2(MA1642.1)	0.4477674688627629	0.12052102065301452	0.4377674688627629	0.007503280498274186	8.0	180347
NFIB	0.2721404156428231	3.984927785136273	0.3021404156428231	0.02079936576337919	17.0	180347
NFYC	0.40910742679492584	0.1235637723912542	0.40410742679492584	0.007357035586130631	10.0	180347
NKX2-2	0.445169844422521	1.0243609217528535	0.420169844422521	0.012048216384024538	8.0	180347
OSR2	0.4461839470158796	0.19995435266788647	0.4361839470158796	0.0002954059489976596	8.0	180347
PRDM4	0.4761293598867403	0.42746597475510306	0.4611293598867403	0.0012979877565274275	8.0	180347
TCF12(MA1648.1)	0.4111537195769994	0.07996631791258868	0.4061537195769994	0.0037123158624468725	7.0	180347
ZBTB12	0.4324618095201789	0.06624136256825673	0.42746180952017887	0.0004505923295795617	8.0	180347
ZBTB14	0.28537358334566654	4.21397661416369	0.31537358334566656	0.014603299221422512	12.0	180347
ZFP42	0.37250177033872844	0.038416118589018916	0.37750177033872845	0.010674719942717925	13.0	180347
ZKSCAN5	0.36143053473312753	0.013689977857980656	0.36143053473312753	0.013689977857980656	11.0	180347
ZNF148	0.27564149604989346	6.816270325084817	0.31564149604989344	0.008429936536510472	12.0	180347
ZNF16	0.25626808384703154	1.4211953953513716	0.27126808384703155	0.008351229081770429	23.0	180347
ZNF341	0.4157062818125152	0.083547821566272	0.4107062818125152	0.0014983772124372195	9.0	180347
ZNF449	0.3759644666352524	0.06527885195662267	0.3809644666352524	0.00018627929045426727	10.0	180347
ZNF652	0.3990102165972866	0.26916673670351565	0.3890102165972866	1.7419530278090785e-07	10.0	180347
FOXA3	0.45967777774418245	0.02512566347497209	0.45467777774418244	0.002987428441746437	8.0	180347
ZNF189	0.3844349963937118	0.15560085374418794	0.3794349963937118	0.011568649352735546	11.0	180347
ZNF331	0.3446449332929846	0.10632239695141471	0.3496449332929846	0.0007840637662192282	13.0	180347
ZNF417	0.32750131368075563	0.8459091563103709	0.34250131368075565	0.002379077415114591	14.0	180347
ZNF549	0.36995991559725094	0.4853208046453757	0.38495991559725096	0.004087936658943648	10.0	180347
ZNF680	0.3206192004247928	1.1137901867424305	0.3356192004247928	0.003866821170655969	15.0	180347
ZNF708	0.3331889987956201	0.11825760737471919	0.3381889987956201	0.00023472284833530476	13.0	180347
ZNF768	0.31993930099820284	1.6271130566850334	0.33993930099820285	0.0009418387091325086	18.0	180347
ATF4	0.39582330489918377	0.36331034049210376	0.38582330489918376	0.002578292728983471	11.0	180347
BATF3	0.38374253944591463	0.06288817086151184	0.38874253944591464	9.2305186059864e-05	11.0	180347
CDX2	0.4134583729864179	0.10792648303436901	0.4184583729864179	0.0070588022488173065	10.0	180347
CEBPA	0.4061330885327213	0.06451592376265237	0.4111330885327213	0.00014319627230742867	10.0	180347
CEBPD	0.411519119433769	0.030477190423536495	0.416519119433769	0.0048849474107539505	10.0	180347
CREB1	0.40311049363120993	0.011718532915830162	0.40311049363120993	0.011718532915830162	10.0	180347
CTCFL	0.3212236675493209	2.14689857152335	0.34622366754932093	1.5741906002430526e-05	11.0	180347
E2F6	0.36648627872695716	0.48110892761713026	0.3814862787269572	0.0010590764009897494	8.0	180347
EBF1	0.2597061185539091	3.4261179727783926	0.28470611855390915	0.01004820811563655	11.0	180347
EGR1	0.2696005649633766	6.061869710991009	0.30960056496337657	0.018018078947102285	13.0	180347
EHF	0.4048059325742541	0.03594019643666324	0.3998059325742541	0.004249526428358014	11.0	180347
ELF1	0.4336205999998127	0.18728501333250303	0.42362059999981266	0.00108978521947793	9.0	180347
ELF3	0.3816613388773422	5.837085582182463e-05	0.3816613388773422	5.837085582182463e-05	12.0	180347
ESRRA	0.4275584017517127	0.7677628437725414	0.4125584017517127	0.015220392525513363	9.0	180347
ETV1	0.42102609580072525	0.11350978918696358	0.41602609580072525	0.008287673475614888	10.0	180347
FOSL1	0.38468317102052213	0.0006833761048895918	0.38468317102052213	0.0006833761048895918	9.0	180347
FOXA1	0.4223832554902422	0.012283486669762061	0.4223832554902422	0.012283486669762061	10.0	180347
FOXA2	0.4313052720072909	0.030276599150049502	0.4363052720072909	0.0024526183457519134	9.0	180347
FOXK2	0.49547399053405533	0.020917826003505453	0.4904739905340553	0.0008060334666361793	7.0	180347
FOXP1	0.4613645897079891	0.004319515020891645	0.4613645897079891	0.004319515020891645	8.0	180347
GABPA	0.4116274073352141	0.2272261654325573	0.40162740733521407	0.0008901382070466957	10.0	180347
GATA1	0.4826908204566041	0.04219913926455114	0.4776908204566041	0.00026600646025727164	7.0	180347
GATA4	0.4523871597214023	0.25810730878381144	0.4423871597214023	0.00639935220746971	8.0	180347
GATA6	0.4304906279847864	0.021585624185508523	0.4354906279847864	0.008509182013906066	10.0	180347
GRHL2	0.4089807396072619	0.011345508116031754	0.4089807396072619	0.011345508116031754	10.0	180347
HLF	0.38195510867089694	0.045856982700705866	0.38695510867089694	0.001894997212086232	10.0	180347
HNF4A(MA0114.4)	0.41551638311369216	0.7690573212958424	0.39551638311369214	0.012481599337173566	9.0	180347
HNF4G	0.41619661572789757	0.7685646433762241	0.39619661572789755	0.013282293016386228	9.0	180347
HOXB13	0.3680084234267652	2.081904569574701	0.39800842342676523	0.008254994810848801	13.0	180347
JUNB(MA0490.2)	0.3884406148057903	0.002015661103673785	0.3884406148057903	0.002015661103673785	9.0	180347
JUND(MA0491.2)	0.38081375810758367	0.005386344722047552	0.38081375810758367	0.005386344722047552	9.0	180347
KLF4	0.33618903902951386	1.5322712528159972	0.3561890390295139	0.017499068112184456	8.0	180347
KLF9	0.29267351438341654	2.164317028231261	0.31267351438341656	0.00926110356239021	13.0	180347
LHX2	0.4701426017452099	0.030597775743651277	0.4751426017452099	0.00014845624631031247	7.0	180347
MAFF	0.39164502810285545	0.1722015212591194	0.38164502810285544	0.01819756629527653	13.0	180347
MAFG	0.39326192184093905	0.0647314801884367	0.38826192184093905	0.0013137779763241406	14.0	180347
MAFK	0.3552683134980972	0.21580903653649838	0.34526831349809717	0.02020435728960863	12.0	180347
MEF2A	0.35731276595296385	2.403576809352589	0.3873127659529638	0.0032951714667124885	12.0	180347
MITF	0.3166334800446934	0.6482142497255585	0.3266334800446934	0.02630057434187715	12.0	180347
MXI1	0.3422446203753261	2.5082094700804762	0.37224462037532613	0.0028037656537369454	10.0	180347
MYOD1	0.39370942814557114	0.03394913945286595	0.39870942814557114	0.0036777314342638584	9.0	180347
MYOG	0.35747577566304545	0.6735168391150226	0.37247577566304546	0.00395046591959535	8.0	180347
MZF1	0.4363689761546358	0.13769638532647796	0.4263689761546358	0.003771212997965784	8.0	180347
MAFG::NFE2L1	0.3599867366760796	0.14085440897452692	0.3549867366760796	0.004820461241231149	13.0	180347
NFIL3	0.4009579515537171	0.01173032378731694	0.4009579515537171	0.01173032378731694	10.0	180347
NFYB	0.38727229576169747	0.049986850252541154	0.38227229576169747	0.0025688558223973053	11.0	180347
NKX2-5	0.4573115260197015	0.3534516907435284	0.4423115260197015	0.002647602648700672	7.0	180347
NR4A1	0.4193225815517726	0.2800552194862136	0.4093225815517726	0.0021378660382006757	8.0	180347
ONECUT1	0.35303531242426806	1.546789743079755	0.3730353124242681	0.008351388652549654	14.0	180347
OTX2	0.4619376027088176	0.31484094641593163	0.4469376027088176	0.010758727180349942	8.0	180347
PBX2	0.3956456912726328	0.1974260666462245	0.40564569127263284	0.003454080319201533	10.0	180347
PHOX2B	0.29988146375298785	8.057491483848976	0.34988146375298784	0.005094745985629766	16.0	180347
PKNOX1	0.40130301681614233	0.4801483866050155	0.3863030168161423	0.00820626674002004	10.0	180347
POU2F3	0.4284278208874374	0.08784287487523357	0.4334278208874374	0.00475596949706495	10.0	180347
PRDM1	0.41700848342745395	0.017232121916395456	0.42200848342745395	0.010653805065425617	10.0	180347
RUNX3	0.4659999781904644	0.6961623640907343	0.4459999781904644	0.0018916886889008024	9.0	180347
SCRT1	0.39843456261006893	0.003733427762687993	0.39843456261006893	0.003733427762687993	12.0	180347
SCRT2	0.41593143080988265	0.05433094705229175	0.41093143080988265	0.00019179464587237637	11.0	180347
SNAI2	0.3848927353204223	8.058435882090827e-09	0.3848927353204223	8.058435882090827e-09	11.0	180347
SOX2	0.4757827881468605	0.010533202120354582	0.4707827881468605	0.007918750770758909	7.0	180347
SPI1	0.3219334624444463	0.7442638620497747	0.33693346244444633	0.011713194427893583	16.0	180347
SPIB	0.3343135097689854	0.37990475460932	0.3443135097689854	7.333997138323609e-05	16.0	180347
SREBF1(MA0829.2)	0.3582891694256265	0.009700897170574324	0.3582891694256265	0.009700897170574324	10.0	180347
TCF3	0.4090421892437663	0.04009910179559651	0.4140421892437663	0.0010192707901531043	7.0	180347
TCF4	0.3753754073584666	0.7583713688695518	0.3953754073584666	0.007813110782741536	9.0	180347
TCF7	0.4655843127765021	0.15689277686931558	0.4555843127765021	0.0008155809259494997	9.0	180347
TEAD1	0.4489915059248415	0.4160440978318288	0.4339915059248415	0.0036573256487938965	9.0	180347
TEAD4	0.48694984754459625	0.8627756624700229	0.4619498475445962	0.010320712869474332	8.0	180347
TFAP2A(MA0003.4)	0.31783442617825225	2.2303367191328323	0.34283442617825227	0.001605125303062096	10.0	180347
TFAP2C(MA0814.2)	0.29944236451494133	4.072914336679798	0.33444236451494136	0.0063662761874787805	10.0	180347
TWIST1	0.44676728982776637	0.08210704122143699	0.44176728982776636	0.004532870858215365	8.0	180347
USF1	0.3478204737596992	0.19662359475048524	0.3528204737596992	0.019567848397751837	12.0	180347
YY2	0.36414221661192414	0.1197822205054896	0.36914221661192415	0.00455017341241763	10.0	180347
ZNF263	0.3664249734204516	0.6911615070060347	0.3814249734204516	0.0009356869382043845	10.0	180347
CREM	0.31219331330440686	0.036600094377248524	0.31719331330440687	0.016669345370631257	10.0	180347
BNC2	0.4000797155770753	0.03603972115491639	0.3950797155770753	0.003165480716324813	9.0	180347
CTCF(MA1930.1)	0.21864908904955682	4.5707367694603995	0.2386490890495568	0.038382574541625074	34.0	180347
ELK1::HOXA1	0.36324707598009787	0.0075736777540162704	0.36324707598009787	0.0075736777540162704	14.0	180347
ELK1::HOXB13	0.3268067749488819	0.0067727454898398745	0.3268067749488819	0.0067727454898398745	15.0	180347
ELK1::SREBF2	0.3101417777206573	0.2792399924521506	0.3151417777206573	0.030853522055388098	16.0	180347
ERF::FIGLA	0.322878658164922	0.054819273141591005	0.327878658164922	0.015140300789554108	14.0	180347
ERF::FOXI1	0.38465759657034215	0.5948298593766314	0.39965759657034217	0.0003179230887672969	13.0	180347
ERF::FOXO1	0.34188312603440857	0.6252825583821384	0.3568831260344086	0.008894063638089804	14.0	180347
ERF::HOXB13	0.3591814477619922	5.7856198513593364e-05	0.3591814477619922	5.7856198513593364e-05	14.0	180347
ERF::NHLH1	0.31185646837180747	0.27547747647005394	0.3168564683718075	0.028949454704676032	16.0	180347
ERF::SREBF2	0.3130052815119364	0.004187837232364898	0.3130052815119364	0.004187837232364898	16.0	180347
ETV2::DRGX	0.38034522214736655	0.0011366398366157225	0.38034522214736655	0.0011366398366157225	14.0	180347
ETV2::FIGLA	0.3016647034103924	0.03279160058968828	0.3016647034103924	0.03279160058968828	15.0	180347
ETV2::FOXI1	0.37364826199746465	0.015631874041886817	0.37364826199746465	0.015631874041886817	14.0	180347
ETV2::HOXB13	0.34848764060323567	0.001638565577845564	0.34848764060323567	0.001638565577845564	15.0	180347
ETV5::DRGX	0.3599146045150957	0.2375731603734607	0.3699146045150957	0.008537925830358627	14.0	180347
ETV5::FIGLA	0.31563056899898223	0.09459376634501841	0.32063056899898223	0.0013400776844813955	15.0	180347
ETV5::FOXI1	0.3158091321176756	0.14227103976088068	0.3208091321176756	0.001705905609740116	13.0	180347
ETV5::FOXO1	0.35914196386975195	0.3259351138245877	0.36914196386975195	0.00021790780644053646	13.0	180347
ETV5::HOXA2	0.3352092588714	0.6658256779688048	0.35020925887140003	0.01234492027002264	14.0	180347
FLI1::DRGX	0.3705126826478417	0.03656002170026148	0.3755126826478417	0.010172320537615666	15.0	180347
FLI1::FOXI1	0.3837480030551892	0.0039580995227141	0.3837480030551892	0.0039580995227141	13.0	180347
FOS(MA1951.1)	0.3047807540907865	0.34297885313130133	0.3147807540907865	0.013646305449698318	13.0	180347
FOXJ2::ELF1	0.3718343149769552	0.6524456990948557	0.3868343149769552	6.304572179227309e-05	14.0	180347
FOXO1::ELF1	0.35415348015077236	0.02642496668228864	0.35915348015077236	0.020398680853264926	13.0	180347
FOXO1::ELK1	0.35608430178856915	0.010068578818758046	0.35608430178856915	0.010068578818758046	14.0	180347
FOXO1::ELK3	0.35841311726188957	0.0031582956469094156	0.35841311726188957	0.0031582956469094156	13.0	180347
FOXO1::FLI1	0.34112658779338756	0.01581635871995066	0.34112658779338756	0.01581635871995066	14.0	180347
HOXB2::ELK1	0.3520839113582944	0.03343859127804427	0.3470839113582944	0.017452235393843767	14.0	180347
HOXD12::ELK1	0.3344366439441614	0.07207988256277605	0.3294366439441614	0.007421969656635908	15.0	180347
KLF7	0.34601889112293027	1.8973346734081924	0.3710188911229303	0.011297910498563685	9.0	180347
MGA::EVX1	0.4004142261270271	0.003076114607530633	0.4004142261270271	0.003076114607530633	12.0	180347
PATZ1	0.263197217530966	8.27311484685472	0.31319721753096597	0.022692460687936535	12.0	180347
POU2F1::SOX2	0.306283858543149	0.8601697893704449	0.321283858543149	0.031000120598260555	17.0	180347
SATB1	0.37223813388919524	1.3330297095106922	0.39723813388919527	0.0172864172766515	13.0	180347
SMAD2	0.4205737077822304	8.222630840102828e-05	0.4205737077822304	8.222630840102828e-05	10.0	180347
SP5	0.3538022325142261	2.026171914147425	0.3788022325142261	0.01272065891460118	10.0	180347
TFAP4::ETV1	0.30664999657867514	0.4629603528589195	0.31664999657867515	0.0018237762599911174	15.0	180347
TFAP4::FLI1	0.3299995633537793	0.16798706016826037	0.3349995633537793	0.007988358985335144	14.0	180347
TFCP2	0.35907838626847627	1.376087001935771	0.3790783862684763	0.01368139081154345	10.0	180347
THRA	0.26262967311368873	2.2748834837597784	0.28262967311368875	0.03069162584064796	21.0	180347
TRPS1	0.4492245961539505	0.16449951295345014	0.4392245961539505	0.0007385360645331719	8.0	180347
ZBED2	0.41745183727468993	0.3171793201883772	0.4074518372746899	0.0037993052355281	9.0	180347
ZFP14	0.31312170859846716	1.0673819843367665	0.3281217085984672	0.004326438077131699	15.0	180347
ZKSCAN3	0.270896294892297	2.422011074625482	0.290896294892297	0.0016697476944088183	17.0	180347
ZNF211	0.3354417409660444	0.18865565283278654	0.3404417409660444	0.013267417445790228	15.0	180347
ZNF214	0.3509598848558364	0.37798607455310007	0.3609598848558364	0.0005601685754895539	15.0	180347
ZNF320	0.24121856120904314	5.236746918314166	0.27121856120904314	0.004582653927619336	22.0	180347
ZNF324	0.3139825089409119	1.5279237103980916	0.3339825089409119	0.018844266764870367	18.0	180347
ZNF354A	0.29460786905764036	4.0403970198298085	0.3246078690576404	0.0011186684346315334	21.0	180347
ZNF416	0.3922623744116744	0.19560872032875362	0.4022623744116744	0.0038246507769938	11.0	180347
ZNF418	0.34123548252320135	0.13801247095654742	0.34623548252320135	0.002209551878831046	15.0	180347
ZNF530	0.2594735233755522	5.786692432243203	0.2944735233755522	0.034079812251609415	17.0	180347
ZNF574	0.31889653193318895	0.8160543465139234	0.33389653193318897	0.0015073078973463117	14.0	180347
ZNF582	0.2895343998839691	0.03264373093351135	0.2895343998839691	0.03264373093351135	21.0	180347
ZNF667	0.367143720122853	0.02612531746077421	0.362143720122853	0.01778992241735482	12.0	180347
ZNF669	0.27832314496556937	1.286390096928259	0.2933231449655694	0.0005428786700925178	15.0	180347
ZNF692	0.35488748820561455	0.9701837041776934	0.37488748820561457	0.0007366527865945879	8.0	180347
ZNF701	0.250770065581712	3.596432156547781	0.270770065581712	0.04780796642842704	20.0	180347
NKX2-4	0.43888489026142674	0.004421601708815678	0.43888489026142674	0.004421601708815678	9.0	180347
FOXD3	0.3504473827255915	3.5165019529492327	0.38544738272559154	0.0019074383212486718	16.0	180347
PAX2	0.2662976335943705	0.6782011335490722	0.2762976335943705	0.0014012018974958978	17.0	180347
SP1	0.3219795284193949	1.1105310352680562	0.34197952841939494	0.011788208014594834	9.0	180347
FEV	0.38822203346267126	0.07409436837172327	0.38322203346267125	6.11155403390507e-06	11.0	180347
NR4A2	0.4283067273617226	0.08296096276643719	0.4233067273617226	0.0030752062654997615	9.0	180347
CEBPB	0.3185217719187918	0.16799955656571244	0.3235217719187918	0.0045971307153938965	12.0	180347
KLF1	0.35411930466838115	1.8445960070652834	0.3841193046683812	0.011741556317167818	9.0	180347
POU2F2	0.363342435672953	0.2926715637987063	0.373342435672953	0.0019509476369114537	14.0	180347
RFX1	0.2703208406042367	0.6826796697337331	0.28032084060423673	0.00017147483924532457	16.0	180347
SP2	0.3393543008035197	1.0255490944609849	0.3593543008035197	0.002305365719649825	9.0	180347
USF2	0.31030417393355847	0.420501949362084	0.3203041739335585	0.0007889760555438561	12.0	180347
BHLHA15(MA0607.2)	0.3540455204800819	0.20674441024559367	0.36404552048008193	0.008896794757830527	10.0	180347
NFATC3	0.4704309413889182	0.32897678331437613	0.48543094138891824	0.0006357808681771768	7.0	180347
EN2	0.42830631555863813	0.6319272259355491	0.44830631555863815	1.3687702190377238e-05	7.0	180347
ESX1	0.41314636618216766	0.8411611042578744	0.4331463661821677	0.009325614057072724	7.0	180347
HOXC11	0.36078182576934154	0.03989243708878807	0.35578182576934153	0.008320696739055475	12.0	180347
MSX1	0.4147169840971592	0.5293982957176421	0.4347169840971592	0.008445023359748697	7.0	180347
SP4	0.3437386064926272	0.4166491906979585	0.35373860649262723	0.013905511665018798	9.0	180347
TBX21	0.4048650725033979	0.03973386248322388	0.40986507250339793	0.00198159702053144	11.0	180347
MNX1	0.4338361590848312	0.14401353657281002	0.4438361590848312	0.0016372851848461083	7.0	180347
MSX2	0.4221134299810153	0.4270659781992733	0.4371134299810153	0.0010474916204922299	7.0	180347
VAX2	0.4925620204186274	1.9086292385569694	0.5325620204186274	0.0008537560015769211	8.0	180347
KLF14	0.34402984335882963	0.6871903631584937	0.35902984335882965	0.0008193206118987719	9.0	180347
KLF12	0.33411512115127456	1.195267413870108	0.3541151211512746	0.0006183103543966153	9.0	180347
CUX1	0.3600526107300532	0.24050518858565487	0.3700526107300532	0.004272340392107418	10.0	180347
ONECUT2	0.40890614973120754	0.002935855836819222	0.40890614973120754	0.002935855836819222	9.0	180347
ELK3	0.3996302931056971	0.05421394099559138	0.3946302931056971	0.00016691039634183022	9.0	180347
ETV4	0.4237611604528469	0.06193876393482344	0.4287611604528469	0.0007610954481037696	9.0	180347
ETV5	0.39907245873161196	8.066814014568952e-06	0.39907245873161196	8.066814014568952e-06	10.0	180347
POU1F1	0.33848683265812385	0.9912279594392812	0.35348683265812386	0.001448864438764458	16.0	180347
RFX3	0.2719954119220166	0.7374891222389833	0.2819954119220166	0.00024196481059503608	16.0	180347
RFX4	0.23386007515822127	2.5859440175711574	0.2538600751582213	0.0500097093054189	17.0	180347
BHLHE22(MA0818.2)	0.3512607835776382	0.35666602359211996	0.3612607835776382	0.0026789132071008727	10.0	180347
CLOCK	0.33946938407024496	1.5802750296173818	0.364469384070245	0.006385048171824417	9.0	180347
HES5	0.2780667847391018	4.105438707124846	0.31306678473910177	0.006604664153455517	10.0	180347
SREBF2(MA0828.2)	0.29151726074937057	0.37917460603678455	0.3015172607493706	0.021283459104633976	14.0	180347
TFE3	0.3233973951317814	0.48021504156189704	0.3333973951317814	0.005465133596372236	10.0	180347
CEBPE	0.3053552358039693	0.505348177063401	0.3153552358039693	0.0018680603104537128	12.0	180347
FOXD2	0.3670447812718399	0.5707206684095114	0.38204478127183994	0.002392339665229131	12.0	180347
E2F8	0.343026733774838	3.3658743897146253	0.378026733774838	0.00680406358431251	12.0	180347
BARHL1	0.4591595446329932	0.027119407917405157	0.4641595446329932	0.0017053191820579434	8.0	180347
CDX1	0.410144904506944	0.048708081093486615	0.415144904506944	0.0005412080908892791	10.0	180347
DLX1	0.45504753742916276	0.4832536288821813	0.4750475374291628	0.009093259144408084	8.0	180347
DUXA	0.26084740069300827	4.392071628778263	0.2908474006930083	0.00925338646496101	13.0	180347
ELF2	0.3988513403090115	0.04947941747681691	0.3938513403090115	0.0019416585027939703	12.0	180347
FOXE1	0.3651281046723957	0.7478791891468061	0.3801281046723957	0.0008896398641315519	14.0	180347
GLI3	0.29689920617916854	0.11913323010642471	0.30189920617916854	0.001940867312336679	16.0	180347
HOXA7	0.5127007531062712	0.3374011839322336	0.5277007531062712	0.004745754018868345	7.0	180347
KLF10	0.3277855710411811	1.6326593907462292	0.35278557104118113	0.011429359487342177	9.0	180347
NFATC4	0.41255989354973505	0.035069556186612366	0.41755989354973505	0.0033235661474797966	10.0	180347
NR1D2	0.3004387051905709	0.0019198826777136065	0.3004387051905709	0.0019198826777136065	15.0	180347
PITX2	0.44878794364005137	0.6013158938362407	0.42878794364005135	0.009625936640682075	8.0	180347
SOX18	0.45171670217873244	0.01142254362296677	0.45171670217873244	0.01142254362296677	8.0	180347
TBX3	0.4242047406141926	0.007807488786761758	0.4242047406141926	0.007807488786761758	9.0	180347
ZNF75D	0.36785213876855766	0.1416633204368782	0.37285213876855766	0.008909524625709899	12.0	180347
ZNF281	0.2643953471141855	6.871667790059119	0.3043953471141855	3.5928194519854657e-05	12.0	180347
BACH1	0.41294039459762394	0.05456480923310249	0.40794039459762393	0.0002656757967004676	9.0	180347
THAP1	0.3854050171337558	0.1384048053368451	0.3954050171337558	0.012943810835626533	9.0	180347
AHR	0.4143922296298436	0.0028344510549286796	0.4143922296298436	0.0028344510549286796	8.0	180347
AIRE	0.37068252851051586	3.8061878402149913	0.41068252851051584	0.0066870407547977954	18.0	180347
ALX1	0.36446730883216794	3.967809722315777	0.4044673088321679	0.003019591309903371	12.0	180347
ARID5B	0.36585545831086586	2.2431094064520973	0.3958554583108659	0.0014307861768743037	12.0	180347
ARNT	0.44693017204842983	0.01182382351321288	0.4419301720484298	0.011765570419817037	9.0	180347
ARNTL	0.4186281297141833	0.5040419575368265	0.4336281297141833	0.0011508302057471073	10.0	180347
ATF1	0.41685108294794776	0.07350760223621718	0.41185108294794776	0.000700269043287211	10.0	180347
BCL11A	0.27414359714766134	1.9975449154252196	0.29414359714766136	0.0037790795223228506	16.0	180347
CBFB	0.39467338900623455	0.25691860401407696	0.40467338900623456	2.704915086051652e-09	11.0	180347
CRX	0.38053888723358376	0.6175106048111934	0.39553888723358377	3.229907832180256e-05	13.0	180347
DLX3	0.3974382099768401	1.199826249049652	0.4224382099768401	0.002693433670987654	10.0	180347
E2F5	0.366157380332055	0.25211150876824223	0.37615738033205504	0.00041199940539233604	9.0	180347
EPAS1	0.45437829491354886	0.003959446370419782	0.45437829491354886	0.003959446370419782	9.0	180347
ESRRG	0.44092417260899786	0.038954873870044815	0.43592417260899785	0.0008067522876778063	9.0	180347
FEZF1	0.421020151188993	0.0003250131301739435	0.421020151188993	0.0003250131301739435	11.0	180347
FOSB	0.42926186997979515	0.09040309779731742	0.42426186997979515	0.0045980419365282505	9.0	180347
FOXJ2	0.3609562507977167	0.07407980999161012	0.3659562507977167	2.433891150585834e-05	10.0	180347
FOXJ3	0.3488837029679495	1.6219002648972525	0.36888370296794953	0.014215723931753957	13.0	180347
FOXM1	0.3884575480152812	0.13470959643096161	0.3934575480152812	0.014102717228930257	11.0	180347
FOXO1	0.3970646758105725	0.07968431323912414	0.4020646758105725	0.0009699410209489836	10.0	180347
FOXQ1	0.3666338970145475	0.0013061819625549303	0.3666338970145475	0.0013061819625549303	12.0	180347
GFI1B	0.4307077019085249	0.01236125598341929	0.4307077019085249	0.01236125598341929	10.0	180347
HIC1	0.40235374411035507	0.20830110697359225	0.4123537441103551	0.0003373316056256098	9.0	180347
ISL1	0.4804179303606281	0.007228155092984267	0.4804179303606281	0.007228155092984267	8.0	180347
KLF8	0.3963705425762893	0.016014079413087762	0.3913705425762893	0.013951000836969507	9.0	180347
LHX3	0.32777827749851657	5.5101224005971146	0.36777827749851655	0.016593557205138873	13.0	180347
LYL1	0.427143177712567	2.209691157544561	0.46214317771256697	8.301513161477435e-05	14.0	180347
MAFB	0.44751947883763726	0.12227122284433738	0.4575194788376373	0.011480467518587265	11.0	180347
MBD2	0.30379245933106613	2.907358092338025	0.33379245933106616	0.00836069819036679	11.0	180347
MECOM	0.3404095496623937	1.740844350177068	0.3604095496623937	0.011663392497092476	16.0	180347
MECP2	0.3803524198902979	1.1965118749902042	0.4053524198902979	0.01309586779667509	7.0	180347
NANOG	0.34810002619681896	0.9924482660173388	0.36310002619681897	0.005097856417323628	16.0	180347
NFATC1	0.3153592889826161	2.0525634136824578	0.34035928898261614	0.010511846097628536	15.0	180347
NFE2L1	0.4941088059883441	0.00028888284289952374	0.4941088059883441	0.00028888284289952374	7.0	180347
NKX2-1	0.44002030972119266	0.007127861591949481	0.44002030972119266	0.007127861591949481	10.0	180347
NOBOX	0.43042859734469996	0.31460085895205125	0.4454285973447	0.006923868192676245	9.0	180347
NR1H3	0.2912060286148837	0.19531141474239272	0.2962060286148837	0.0019562798749532062	19.0	180347
NR2E3	0.38330535833157425	0.9563968386726258	0.40330535833157427	0.004550274494353914	14.0	180347
NR5A2	0.3969547491696996	0.052986129260159436	0.4019547491696996	0.0005358746289432185	11.0	180347
PGR	0.32379758986015134	0.8877255426767501	0.33879758986015135	5.207035247218981e-05	15.0	180347
PPARA	0.2736326626737592	1.7287686053895435	0.2886326626737592	0.0309757337784781	17.0	180347
PRDM14	0.3611739076877888	0.018209747448820205	0.3611739076877888	0.018209747448820205	13.0	180347
PRDM6	0.37630452412523013	2.5972728474428632	0.4113045241252301	0.015517577889707713	13.0	180347
PTF1A	0.3196509779054276	2.7084086279508592	0.34465097790542765	0.014523636969923865	18.0	180347
RXRA	0.28665604145535384	2.765279200935817	0.31165604145535386	0.016049918980413892	20.0	180347
SALL4	0.36713258259480874	4.547285684564667	0.4121325825948087	0.003734455409983794	10.0	180347
SMAD4	0.3809719434089848	0.06685953910982044	0.38597194340898483	0.00020590955666086145	13.0	180347
SOX17	0.4248878956323013	0.3220121714863673	0.4348878956323013	0.011584020388104332	11.0	180347
SOX3	0.40865291720412367	0.05765975461848556	0.41365291720412367	3.309924734424603e-05	11.0	180347
SOX5	0.4412104396051045	0.020791637466515717	0.4462104396051045	0.004400688517381605	8.0	180347
STAT2	0.2838160426708355	3.6907413807822493	0.3088160426708355	0.0188321962675453	18.0	180347
STAT4	0.3544154519646521	1.2054674286623395	0.3744154519646521	0.002764128764275489	11.0	180347
STAT5A	0.3775866804292805	0.8606285814585114	0.3975866804292805	0.0025450560788321925	10.0	180347
STAT5B	0.36756939839587044	0.7258355698745145	0.38256939839587045	0.002153375934498504	12.0	180347
STAT6	0.3753721575034444	1.066184897657324	0.3953721575034444	0.0031062749592352203	11.0	180347
TAF1	0.2777101278830095	2.203122909471042	0.29771012788300955	0.0001765876977482081	16.0	180347
TAL1	0.3633407757697049	0.6360177747405609	0.37834077576970493	0.010461870621300015	19.0	180347
TBP	0.39044517867954043	0.3665135749277076	0.40044517867954044	0.011483466604924279	10.0	180347
WT1	0.2053183878036708	13.069134174763843	0.2553183878036708	0.0051211088299781765	20.0	180347
ZBTB17	0.25854192186304503	6.534671718758796	0.29354192186304506	0.0002981151009960409	19.0	180347
ZBTB48	0.3753904605753077	1.6924434172757474	0.40039046057530775	0.005444801607101488	12.0	180347
ZFP28	0.2549085075661747	4.3754088234981126	0.27990850756617475	0.013484641884340953	20.0	180347
ZFP82	0.22003081589117499	3.773222334560035	0.24003081589117498	9.00677863588681e-05	24.0	180347
ZFX	0.3697965862144292	0.7353026210253903	0.3847965862144292	0.009437922088226277	10.0	180347
ZNF121	0.256776386509611	0.27528263805811193	0.261776386509611	0.004587390325756402	20.0	180347
ZNF134	0.26866464358339437	0.5336272266004329	0.2786646435833944	0.020520596226391085	22.0	180347
ZNF146	0.23812751373085758	0.1826955134961326	0.2431275137308576	0.007874769268596938	24.0	180347
ZNF18	0.41469168543900253	0.0006904517210748416	0.41469168543900253	0.0006904517210748416	11.0	180347
ZNF250	0.23591944819814392	0.5945587679744688	0.24591944819814393	0.055411347959099334	20.0	180347
ZNF260	0.23476139112072758	0.9190657799036622	0.2447613911207276	0.004721499595369793	24.0	180347
ZNF264	0.2739670455045365	0.3845512509982123	0.2789670455045365	0.0357186479245777	24.0	180347
ZNF322	0.2732475615201256	4.21652384280926	0.30324756152012555	0.02464545692330692	20.0	180347
ZNF329	0.2665411702461543	0.14866162969227362	0.2715411702461543	0.0027019063972982048	20.0	180347
ZNF335	0.26394372717138886	1.124417288201819	0.2739437271713889	0.04242974969933417	22.0	180347
ZNF350	0.3077506829717156	3.044932027773234	0.3377506829717156	0.022158183886144	18.0	180347
ZNF394	0.3207577628141222	2.4551933679300006	0.34575776281412224	0.0007191602386967989	19.0	180347
ZNF41	0.25993081003074486	2.0935261545660713	0.2749308100307449	0.009933920643563621	24.0	180347
ZNF436	0.212106675832363	3.195240462304274	0.232106675832363	0.06667186918685307	24.0	180347
ZNF467	0.1901034449965846	15.659271398741199	0.2401034449965846	0.0042474710009743925	22.0	180347
ZNF490	0.255581404763275	0.21490942132936874	0.260581404763275	2.980372224860476e-05	24.0	180347
ZNF502	0.267366201042964	0.13531905119002255	0.272366201042964	0.005065797896808742	20.0	180347
ZNF547	0.29589857319993773	0.7549034849941864	0.30589857319993774	0.02103245301833938	20.0	180347
ZNF554	0.25541322955768503	5.746753150010349	0.290413229557685	0.03530866412207506	20.0	180347
ZNF563	0.27981510445417546	2.7545582444723267	0.2998151044541755	0.014075988220322314	21.0	180347
ZNF586	0.2274019642063702	1.8499660863042713	0.24240196420637022	0.011459924713057113	20.0	180347
ZNF770	0.21480851987526187	6.138072146516522	0.24480851987526187	0.05362168460095836	22.0	180347
ZSCAN22	0.24776798567706587	3.615429099028563	0.2727679856770659	0.004213805768691018	16.0	180347
SREBP1	0.26063341802562423	3.7165782916087164	0.28563341802562425	0.0104662324213601	15.0	180347
TRIM28	0.41275895516060634	0.0019366329191565469	0.41275895516060634	0.0019366329191565469	9.0	180347
SIN3A	0.30450338299797275	0.05225594457684406	0.30950338299797275	0.023275147730318878	15.0	180347
SIX5	0.436198693859731	0.17826718178829823	0.42619869385973097	0.003119413732512652	10.0	180347
